100 100 50 3.8856
200 200 50 16.0168
300 300 50 39.3531
400 400 50 73.9075
500 500 50 121.423
600 600 50 165.074
700 700 50 234.177
800 800 50 375.62
900 900 50 453.905
1000 1000 50 808.107
1100 1100 50 655.797
1200 1200 50 787.3
1300 1300 50 853.871
1400 1400 50 909.073
1500 1500 50 979.56
1600 1600 50 1906.21
1700 1700 50 1358.32
1800 1800 50 1609.32
1900 1900 50 1667.26
2000 2000 50 1846
2100 2100 50 2007.1
2200 2200 50 2229.19
2300 2300 50 2428.33
2400 2400 50 2762.13
2500 2500 50 2883.71
2600 2600 50 3268.66
2700 2700 50 3355.74
2800 2800 50 3884.8
2900 2900 50 4685.02
3000 3000 50 4269.45
3100 3100 50 4641.06
3200 3200 50 4880.23
3300 3300 50 5218.28
3400 3400 50 5604.98
3500 3500 50 7167.76
3600 3600 50 7157.03
3700 3700 50 7518.52
3800 3800 50 9082.47
3900 3900 50 8726.94
4000 4000 50 8834.63
