100 100 50 2.47907
200 200 50 9.68898
300 300 50 20.0613
400 400 50 35.6269
500 500 50 70.4802
600 600 50 100.694
700 700 50 148.423
800 800 50 192.334
900 900 50 223.023
1000 1000 50 282.781
1100 1100 50 364.794
1200 1200 50 471.032
1300 1300 50 598.785
1400 1400 50 677.505
1500 1500 50 1029.63
1600 1600 50 843.706
1700 1700 50 835.852
1800 1800 50 1013.56
1900 1900 50 1409.58
2000 2000 50 1182.99
2100 2100 50 1364.99
2200 2200 50 1588.23
2300 2300 50 2054.62
2400 2400 50 1878.31
2500 2500 50 2356.03
2600 2600 50 1926.56
2700 2700 50 2432.15
2800 2800 50 2766.48
2900 2900 50 3140.69
3000 3000 50 3371.75
3100 3100 50 3937.88
3200 3200 50 3639.42
3300 3300 50 4286
3400 3400 50 3790.28
3500 3500 50 4358.63
3600 3600 50 4440.51
3700 3700 50 4720.84
3800 3800 50 4880.45
3900 3900 50 5248.49
4000 4000 50 5790.16
