100 100 50 2.45001
200 200 50 7.11158
300 300 50 19.2893
400 400 50 31.5595
500 500 50 70.1234
600 600 50 102.663
700 700 50 165.256
800 800 50 191.294
900 900 50 327.779
1000 1000 50 330.265
1100 1100 50 295.109
1200 1200 50 393.499
1300 1300 50 801.013
1400 1400 50 773.839
1500 1500 50 627.97
1600 1600 50 937.989
1700 1700 50 1156.15
1800 1800 50 801.466
1900 1900 50 874.07
2000 2000 50 962.156
2100 2100 50 1532.39
2200 2200 50 1629.94
2300 2300 50 1971.61
2400 2400 50 1852.89
2500 2500 50 1786.71
2600 2600 50 2023.8
2700 2700 50 2271.88
2800 2800 50 2148.2
2900 2900 50 2694.66
3000 3000 50 2822.62
3100 3100 50 2689.89
3200 3200 50 3229
3300 3300 50 3538.02
3400 3400 50 3665.42
3500 3500 50 3797.01
3600 3600 50 4073.93
3700 3700 50 4312.91
3800 3800 50 4613.56
3900 3900 50 5221.51
4000 4000 50 6499.68
