100 100 50 1.71051e+12
200 200 50 6.13155
300 300 50 15.0186
400 400 50 27.6985
500 500 50 53.8966
600 600 50 91.0458
700 700 50 120.447
800 800 50 173.557
900 900 50 214.697
1000 1000 50 275.159
1100 1100 50 367.006
1200 1200 50 446.034
1300 1300 50 459.174
1400 1400 50 865.247
1500 1500 50 715.528
1600 1600 50 624.407
1700 1700 50 701.484
1800 1800 50 853.534
1900 1900 50 1027.95
2000 2000 50 1732.94
2100 2100 50 1270.74
2200 2200 50 1660.15
2300 2300 50 2071.6
2400 2400 50 2182.15
2500 2500 50 2425.45
2600 2600 50 2284.81
2700 2700 50 2417.88
2800 2800 50 2449.87
2900 2900 50 2446.64
3000 3000 50 2702.7
3100 3100 50 2740.79
3200 3200 50 2956.85
3300 3300 50 3085.07
3400 3400 50 3266.51
3500 3500 50 3699.69
3600 3600 50 3996.26
3700 3700 50 6033.09
3800 3800 50 5337.96
3900 3900 50 6749.89
4000 4000 50 5682.32
