100 100 200 23519.9
200 200 200 21949.6
300 300 200 24442
400 400 200 26209.2
500 500 200 23835.7
600 600 200 23105.2
700 700 200 23473.2
800 800 200 23685.9
900 900 200 26106.8
1000 1000 200 25275.9
1100 1100 200 26129.4
1200 1200 200 27339
1300 1300 200 27691.7
1400 1400 200 28406.5
1500 1500 200 27464.7
1600 1600 200 28212.8
1700 1700 200 31117.2
1800 1800 200 32044
1900 1900 200 40457.7
2000 2000 200 35275
2100 2100 200 33911.8
2200 2200 200 35986.1
2300 2300 200 37340.6
2400 2400 200 38453.3
2500 2500 200 39179.2
2600 2600 200 39978.9
2700 2700 200 40300.9
2800 2800 200 42329.8
2900 2900 200 40660.3
3000 3000 200 42555.7
3100 3100 200 41838.9
3200 3200 200 44773.5
3300 3300 200 44591
3400 3400 200 48528.3
3500 3500 200 54345.3
3600 3600 200 49409.3
3700 3700 200 50468.5
3800 3800 200 61067.5
3900 3900 200 52430.4
4000 4000 200 53712.2
